Abaco  (3035,755)  (2984,707)  (3045,804)  
Abaham  (851,269)  (902,306)  (799,227)  (921,359)  (747,211)  (974,345)  (954,292)  (910,238)  (858,202)  (798,174)  (974,397)  
Acapulco  (622,1831)  (569,1828)  (674,1842)  (674,1790)  (622,1778)  (569,1775)  (515,1819)  (727,1852)  (727,1798)  (620,1725)  (515,1766)  (504,1712)  (780,1829)  (451,1703)  (443,1649)  (831,1858)  (779,1882)  
Alacranes  (1750,1238)  
Alliance Info  (457,2088)  
Andros  (2985,1016)  (2947,968)  (2909,919)  (3026,1065)  
Anguilla  (4746,1574)  
Antego  (4955,1747)  
Apalaxy Land  (2251,296)  (2303,302)  (2242,243)  (2296,247)  (2357,301)  (2349,248)  (2242,189)  (2294,194)  (2403,245)  (2346,196)  (2399,195)  (2272,138)  (2323,142)  (2376,142)  (2429,141)  (2279,86)  (2332,87)  (2384,90)  (2411,299)  
Aromaia  (5169,2724)  (5221,2744)  (5115,2730)  (5275,2745)  (5061,2722)  (5327,2779)  (5008,2722)  (5274,2798)  (5222,2796)  (5170,2776)  (5118,2782)  (5065,2775)  (5013,2774)  (4958,2770)  (5197,2848)  (5145,2833)  (5091,2833)  (5039,2827)  (4986,2826)  (5145,2885)  (5092,2886)  (5040,2880)  (5063,2938)  
Aruba  (4047,2326)  (4046,2278)  
Bahama Island  (2837,708)  (2889,740)  
Barbados  (5188,2188)  
Barbuda  (4948,1666)  
Baxos  (2165,1988)  
Low Land  (1333,395)  (1370,341)  (1385,413)  (1422,360)  (1439,413)  
Beef River  (769,363)  (775,417)  (718,404)  (717,352)  (736,298)  (683,261)  (667,314)  (664,367)  (611,359)  (615,306)  (630,253)  (562,319)  (542,374)  (788,303)  
Beeve Country  (534,197)  (481,197)  (516,249)  (462,250)  (428,197)  (410,250)  (375,197)  (490,303)  (437,303)  (385,301)  (423,355)  (475,356)  
Berbice  (5458,2954)  (5405,2928)  (5457,3006)  (5405,2980)  (5406,3032)  (5457,3057)  (5405,3084)  (5353,3039)  (5367,3136)  (5420,3136)  (5469,3109)  (5364,3188)  (5419,3188)  (5472,3163)  
Bluefields  (2233,2366)  (2246,2313)  (2266,2260)  (2229,2419)  (2176,2421)  (2180,2369)  (2192,2316)  (2213,2262)  (2140,2293)  (2128,2345)  (2124,2397)  (2076,2329)  (2072,2382)  (2072,2433)  (2024,2333)  (2019,2386)  (1967,2371)  (2124,2449)  
Bonaire  (4287,2334)  
New Granada North East  (3941,2529)  (3993,2535)  (3894,2477)  (3884,2424)  (3885,2370)  (3832,2368)  (3793,2420)  (3768,2472)  (3832,2472)  (3887,2529)  (3834,2524)  (3809,2576)  (3862,2580)  (3916,2582)  (3970,2587)  
Caicos Bank  (3784,1322)  (3840,1322)  (3838,1275)  (3785,1277)  (3838,1226)  
Caouila  (426,594)  (423,542)  (369,537)  (372,592)  (396,648)  (316,525)  (319,578)  (343,644)  (290,652)  (267,600)  (264,548)  (212,518)  (212,570)  (215,624)  (159,519)  (160,571)  (106,514)  (106,567)  (53,514)  (2,478)  (449,647)  
Caracos  (4453,2575)  (4400,2586)  (4506,2584)  (4558,2591)  (4347,2591)  (4453,2627)  (4506,2636)  (4558,2643)  (4401,2638)  (4349,2643)  (4453,2679)  (4505,2688)  (4401,2690)  (4349,2695)  (4557,2696)  
Cartagena  (3161,2703)  (3213,2651)  (3138,2756)  (3087,2799)  (3265,2612)  (3034,2820)  (3140,2808)  (3191,2756)  (3212,2704)  (3265,2664)  (3264,2716)  (3245,2768)  (3311,2560)  (3193,2809)  (3038,2872)  (3089,2852)  (3142,2860)  (3246,2821)  (3194,2862)  
Castilla  (3796,2938)  (3744,2938)  (3849,2938)  (3795,2886)  (3795,2990)  (3743,2886)  (3743,2991)  (3847,2990)  (3847,2886)  (3691,2921)  (3691,2973)  (3885,2833)  (3899,2885)  (3901,2937)  (3900,2989)  (3938,2798)  (3951,2850)  (3952,2902)  (3953,2954)  (3639,2959)  (3991,2792)  (4031,2739)  (3587,2961)  (3536,2963)  (3483,2964)  (3952,3006)  
Catt  (3273,1021)  (3272,970)  (3271,922)  
Choco  (2921,2980)  (2973,2993)  (2869,2978)  (2877,3031)  (2929,3045)  (2981,3046)  (3000,3099)  (2946,3098)  (2892,3097)  (2877,3149)  (2931,3150)  (2985,3153)  
Comanche Land  (202,190)  (255,191)  (302,257)  (249,244)  (262,138)  (210,137)  (149,162)  (122,108)  (176,82)  (230,77)  (196,24)  (141,29)  (87,56)  (34,31)  (87,3)  (251,23)  
Cooked Island  (3423,1214)  (3423,1161)  
Coro  (4119,2528)  (4171,2508)  (4128,2580)  (4180,2560)  (4232,2540)  (4232,2593)  (4180,2612)  (4128,2632)  (4233,2645)  (4181,2664)  (4232,2697)  (4180,2716)  (4047,2434)  
Costa Baxa  (640,594)  (615,647)  (675,542)  (691,489)  (743,477)  (566,715)  (563,664)  (587,596)  (622,540)  (638,487)  (619,435)  (534,612)  (569,545)  (583,488)  (563,436)  (529,494)  (510,443)  (517,547)  (618,702)  
Costarica  (2130,2578)  (2182,2531)  (2183,2583)  (2078,2584)  (2130,2631)  (2183,2636)  (2078,2636)  (2235,2524)  (2235,2577)  (2236,2630)  (2287,2576)  (2288,2628)  (2262,2682)  (2209,2688)  (2156,2688)  (2103,2688)  (2025,2608)  (1973,2600)  (2163,2740)  (2216,2741)  (1921,2591)  (1869,2589)  (1864,2642)  (1812,2607)  (2201,2795)  
Coyba  (2363,2964)  
Cozumel  (1881,1539)  (1845,1590)  
Cuba East  (3278,1481)  (3278,1427)  (3225,1462)  (3217,1410)  (3172,1469)  (3165,1383)  (3120,1478)  (3068,1486)  (3015,1494)  (3114,1426)  (3109,1373)  (3056,1346)  (3003,1371)  (2946,1317)  (2949,1370)  (2895,1375)  (2890,1320)  (3330,1448)  
Cuba West  (2420,1253)  (2474,1253)  (2368,1242)  (2527,1253)  (2418,1192)  (2470,1183)  (2524,1183)  (2316,1211)  (2303,1263)  (2252,1254)  (2592,1182)  (2580,1261)  (2645,1182)  (2632,1236)  (2652,1290)  (2685,1236)  (2740,1235)  (2793,1261)  (2706,1290)  (2758,1312)  (2813,1314)  (2820,1366)  
Curacao  (4135,2333)  (4186,2333)  (4211,2285)  (4211,2238)  (4211,2191)  (4211,2143)  (4211,2095)  
Danish West Indies  (4611,1634)  (4610,1583)  (4661,1583)  (4661,1634)  (4610,1685)  (4610,1733)  (4610,1781)  (4610,1829)  (4610,1877)  (4610,1925)  (4610,1973)  
Panama  (2818,2761)  (2870,2780)  (2818,2814)  (2765,2757)  (2764,2704)  (2871,2833)  (2923,2816)  (2712,2696)  (2712,2751)  (2851,2886)  (2923,2868)  (2660,2717)  (2901,2920)  (2956,2920)  
Dominica  (4997,1940)  
Dry Tortugas  (2459,954)  (2458,1002)  
Montes de Opon  (3922,3144)  (3870,3140)  (3818,3134)  (3766,3127)  (3922,3092)  (3870,3088)  (3818,3082)  (3765,3074)  (3712,3070)  (3660,3056)  (3608,3048)  (3555,3045)  (3974,3098)  (3974,3150)  (3788,3186)  (3841,3193)  (3895,3196)  
El Rosal  (3476,3088)  (3528,3105)  (3580,3118)  (3632,3122)  (3476,3142)  (3529,3156)  (3581,3171)  (3635,3175)  (3474,3195)  (3687,3177)  
Eleuthera  (3145,868)  (3145,921)  (3195,869)  (3195,919)  (3244,860)  
Exuma  (3157,1105)  (3210,1104)  
Florida East  (2683,433)  (2630,433)  (2630,486)  (2631,538)  (2629,380)  (2682,380)  (2632,590)  
Florida Keys  (2636,944)  
Florida Mid  (2490,424)  (2542,425)  (2544,373)  (2490,374)  (2493,476)  (2546,477)  (2510,528)  (2563,529)  (2544,582)  
Florida South  (2610,870)  (2584,818)  (2635,764)  (2582,766)  (2530,775)  (2477,755)  (2631,712)  (2578,714)  (2526,705)  (2474,702)  (2636,817)  
Florida West  (2355,483)  (2408,484)  (2441,536)  (2388,537)  (2405,432)  (2353,430)  (2381,378)  (2329,377)  (2445,590)  
Fort Kyk-Over-Al  (5355,2868)  (5303,2861)  (5339,2920)  (5287,2914)  (5304,2973)  (5234,2936)  (5252,2988)  (5200,2988)  (5148,2991)  (5254,3040)  
Fort Louis  (1664,277)  (1612,265)  (1558,267)  (1558,215)  (1611,213)  (1558,163)  (1611,161)  (1557,111)  (1611,108)  (1556,58)  (1608,55)  (1556,4)  (1610,2)  (1665,223)  
Foul Island  (5004,2229)  
French Hispaniola  (3632,1528)  (3684,1523)  (3642,1581)  (3694,1576)  (3648,1633)  (3700,1629)  (3737,1518)  (3746,1571)  (3798,1536)  (3851,1507)  
Granada  (4954,2337)  (5005,2339)  
Granadillos  (5004,2284)  
Grand Cayman  (2573,1480)  (2620,1480)  (2621,1430)  (2621,1382)  
Guanabo  (3557,1577)  (3508,1577)  (3507,1625)  
Guatimala  (1178,2189)  (1230,2229)  (1126,2151)  (1282,2266)  (1281,2213)  (1333,2305)  (1334,2252)  (1385,2318)  (1388,2264)  (1073,2119)  (1019,2111)  (1055,2043)  (1003,2059)  (951,2077)  (1439,2292)  (1437,2344)  (1490,2318)  (1490,2370)  (1540,2337)  
Guayana  (1928,1859)  
Casipa Lake  (5048,3045)  (5014,2991)  (4961,2992)  (4995,3045)  (4942,3045)  (4895,3098)  (4947,3098)  (5000,3097)  (5052,3098)  (5103,3061)  (5156,3078)  (5208,3103)  (5262,3122)  (5104,3116)  (5155,3132)  (5051,3150)  (4999,3149)  (4946,3150)  (5103,3170)  (5208,3156)  (5155,3185)  (5261,3176)  
Hayen Islands  (2395,1929)  
Heneago  (3556,1351)  (3602,1303)  (3553,1303)  (3604,1351)  
Honduras Mid  (1753,2065)  (1700,2062)  (1806,2063)  (1647,2062)  (1635,2115)  (1687,2115)  (1740,2117)  (1793,2117)  (1686,2167)  (1739,2170)  (1800,2169)  (1744,2222)  (1797,2221)  (1744,2274)  (1799,2273)  
Honduras West  (1559,2040)  (1506,2025)  (1454,2019)  (1571,2092)  (1518,2090)  (1465,2076)  (1413,2072)  (1468,2128)  (1521,2142)  (1575,2145)  (1610,2197)  (1662,2229)  
Ilhados  (2165,1933)  
Jamaica  (3227,1747)  (3174,1747)  (3122,1747)  (3070,1748)  (3071,1681)  (3124,1681)  (3176,1682)  (3229,1682)  (3019,1681)  (3017,1748)  (3282,1681)  (3279,1748)  
Kings Island  (2729,2876)  
La Tortuga  (4610,2439)  (4610,2391)  (4610,2343)  (4610,2296)  
Lamanay  (1496,1859)  
Les Temerlouens  (592,193)  (645,196)  (607,138)  (552,138)  (603,85)  (550,85)  (565,32)  (498,137)  (497,83)  (512,30)  (446,139)  (444,86)  (458,30)  (394,138)  (390,85)  (404,32)  (341,139)  (337,86)  (351,34)  (661,140)  
Little Cayman  (2701,1479)  (2749,1479)  
Long Island  (3327,1142)  (3327,1089)  
Louisiana Main  (1425,281)  (1373,240)  (1477,242)  (1425,230)  (1426,178)  (1477,189)  (1372,188)  (1428,126)  (1481,133)  (1376,132)  (1319,165)  (1322,109)  (1358,56)  (1411,71)  (1467,72)  (1343,4)  (1397,7)  (1450,16)  (1478,295)  
Louisiana West  (1100,111)  (1048,110)  (1048,162)  (1101,164)  (1154,164)  (1154,109)  (1099,59)  (1047,58)  (1152,58)  (995,170)  (996,116)  (994,64)  (1206,169)  (1206,116)  (1205,64)  (941,168)  (942,115)  (941,62)  (1258,82)  (1258,28)  (1204,9)  (1150,6)  (1095,4)  (1041,5)  (987,6)  (935,7)  (881,7)  (886,61)  (887,115)  (832,117)  (832,63)  (828,6)  (779,114)  (778,62)  (774,10)  (726,97)  (720,44)  (668,12)  (1258,135)  
Maguana  (3629,1173)  
Margarita  (4717,2478)  (4768,2479)  (4768,2425)  (4718,2426)  
Martenica  (5003,2010)  (5052,2010)  
Meewen Islands  (2304,2066)  
Yucatan North  (1643,1385)  (1696,1397)  (1590,1393)  (1644,1439)  (1698,1450)  (1591,1447)  (1748,1387)  (1537,1412)  (1750,1440)  (1801,1388)  (1485,1446)  (1804,1442)  
Mexico City  (283,1359)  (336,1359)  (283,1412)  (231,1351)  (249,1298)  (301,1305)  (336,1411)  (353,1307)  (389,1360)  (389,1413)  (406,1308)  (441,1361)  (244,1246)  (300,1253)  (352,1254)  (405,1255)  (459,1308)  (458,1254)  (494,1360)  (546,1392)  (547,1339)  (599,1394)  (487,1201)  (526,1147)  (435,1202)  (382,1202)  (330,1201)  (277,1194)  (385,1151)  (331,1147)  (276,1142)  (223,1194)  (224,1139)  (170,1172)  (170,1118)  (117,1170)  (116,1116)  (64,1166)  (63,1112)  (10,1099)  (11,1154)  (512,1287)  
Mobile  (1734,164)  (1700,110)  (1787,139)  (1839,110)  (1767,87)  (1714,58)  (1766,34)  (1819,58)  (1873,58)  (1713,6)  (1818,7)  (1874,6)  
Venezuela North  (4372,2811)  (4372,2759)  (4372,2863)  (4371,2915)  (4424,2809)  (4424,2757)  (4424,2864)  (4423,2917)  (4320,2808)  (4320,2756)  (4320,2860)  (4319,2912)  (4476,2815)  (4476,2867)  (4268,2779)  (4268,2831)  (4268,2883)  (4474,2919)  (4476,2763)  (4528,2767)  (4216,2794)  (4215,2846)  (4215,2898)  (4164,2819)  (4529,2819)  (4529,2873)  
Moskitos Land  (2277,2157)  (2224,2142)  (2172,2145)  (2119,2143)  (2225,2195)  (2172,2198)  (2119,2196)  (2066,2130)  (2067,2186)  (2050,2059)  (2052,1991)  (2299,2209)  
Muspa Islands  (2526,926)  (2525,974)  
Negrillos  (1474,1201)  
Nevis  (4848,1709)  
New Andalusia  (4708,2929)  (4708,2877)  (4657,2928)  (4706,2981)  (4760,2930)  (4760,2875)  (4656,2876)  (4654,2980)  (4812,2935)  (4812,2883)  (4704,2825)  (4652,2824)  (4604,2875)  (4605,2927)  (4602,2979)  (4810,2831)  (4864,2857)  (4864,2927)  (4916,2878)  (4916,2931)  (4550,2978)  (4620,3032)  (4672,3033)  
New Galicia  (512,970)  (458,962)  (486,1023)  (433,1094)  (433,1042)  (406,989)  (380,1088)  (327,1080)  (354,1027)  (301,985)  (275,1039)  (248,980)  (195,971)  (221,1033)  (167,1024)  (142,965)  (115,1019)  (88,962)  (61,1018)  (36,964)  (7,1017)  (486,1078)  
New Granada South East  (3801,2712)  (3802,2660)  (3749,2711)  (3853,2714)  (3800,2764)  (3854,2662)  (3749,2658)  (3747,2764)  (3852,2767)  (3696,2660)  (3695,2712)  (3694,2765)  (3708,2817)  (3907,2661)  (3906,2714)  (3959,2662)  (3958,2714)  (4011,2662)  
New Granada South West  (3508,2755)  (3508,2703)  (3455,2753)  (3560,2756)  (3508,2807)  (3456,2806)  (3455,2701)  (3560,2703)  (3561,2808)  (3612,2758)  (3403,2757)  (3403,2704)  (3612,2706)  (3614,2811)  (3433,2858)  (3486,2859)  (3539,2860)  (3591,2863)  (3353,2665)  (3644,2864)  
New Leon  (581,841)  (609,787)  (529,881)  (556,778)  (529,829)  (477,844)  (503,777)  (450,745)  (424,810)  (397,741)  (372,796)  (344,738)  (319,792)  (292,727)  (239,706)  (186,687)  (239,760)  (188,740)  (132,676)  (135,728)  (80,649)  (25,647)  (7,594)  (581,894)  
New Mexico  (309,405)  (310,353)  (308,457)  (362,400)  (259,316)  (257,369)  (255,422)  (202,456)  (203,402)  (203,349)  (204,297)  (149,453)  (150,401)  (151,346)  (151,291)  (151,239)  (96,454)  (96,401)  (98,347)  (99,293)  (99,240)  (43,421)  (44,370)  (46,317)  (45,266)  (45,212)  (64,159)  (3,98)  (10,154)  (360,452)  
New Providence  (3018,917)  (3067,915)  (3068,962)  
New Spain  (1395,1993)  (1361,2045)  (1343,1991)  (1292,1999)  (1308,2051)  (1239,2001)  (1255,2052)  (1186,2000)  (1362,2099)  (1309,2104)  (1256,2103)  (1203,2052)  (1150,2067)  (1132,2013)  (1335,2155)  (1388,2164)  (1440,2209)  (1492,2219)  (1541,2262)  (1592,2270)  (1643,2302)  
Nicaragua  (1611,2487)  (1663,2507)  (1602,2435)  (1655,2561)  (1550,2444)  (1602,2383)  (1716,2508)  (1710,2562)  (1654,2373)  (1706,2386)  (1759,2415)  (1758,2363)  (1811,2350)  (1813,2403)  (1865,2338)  (1865,2392)  (1915,2319)  (1768,2537)  
Palaxy  (2113,376)  (2101,324)  (2105,271)  (2158,272)  (2105,218)  (2160,220)  (2178,167)  (2125,167)  (2208,115)  (2155,114)  (2178,63)  (2180,11)  (2153,323)  
Panuco  (427,897)  (374,867)  (320,923)  (322,867)  (269,862)  (268,917)  (216,909)  (217,855)  (164,812)  (164,865)  (111,889)  (111,837)  (84,784)  (40,732)  (32,784)  (59,836)  (6,837)  (57,888)  (373,919)  
Paria  (4838,2549)  (4890,2551)  (4894,2604)  (4841,2602)  (4789,2606)  (4899,2656)  (4737,2601)  (4918,2708)  (4684,2592)  (4847,2654)  (4795,2658)  (4742,2654)  (4688,2645)  (4864,2708)  (4812,2710)  (4759,2711)  (4707,2706)  (4655,2697)  (4632,2750)  (4686,2758)  (4739,2763)  (4792,2763)  (4844,2762)  
Pasquaro Lake  (4,1378)  (56,1378)  (5,1430)  (58,1431)  (5,1326)  (58,1326)  (111,1438)  (110,1383)  (111,1331)  (166,1437)  (164,1381)  (164,1329)  (4,1274)  (56,1273)  (109,1277)  (163,1275)  (219,1440)  
Pensacola  (1864,304)  (1917,297)  (1865,251)  (1812,264)  (1758,270)  (1970,305)  (1918,244)  (1972,252)  (1807,211)  (1860,195)  (1914,190)  (1968,199)  (2026,259)  (2025,202)  (2045,148)  (1986,144)  (1933,136)  (1952,80)  (2004,91)  (2059,96)  (1983,29)  (2037,39)  (2092,43)  (2023,313)  
Perl Island  (2769,2949)  
Peten Lake  (1294,1804)  (1347,1816)  (1290,1751)  (1238,1750)  (1296,1856)  (1242,1803)  (1243,1857)  (1191,1827)  (1302,1910)  (1250,1910)  (1191,1880)  (1140,1901)  (1195,1933)  
Popayan East  (3330,2977)  (3333,2925)  (3383,2979)  (3278,2979)  (3280,2926)  (3385,2924)  (3314,2873)  (3366,2871)  (3337,2819)  (3341,2766)  (3324,3030)  (3377,3031)  (3272,3031)  (3326,3083)  (3379,3084)  (3273,3084)  (3330,3135)  (3383,3137)  (3277,3136)  (3272,3189)  (3324,3188)  (3378,3189)  
Popayan West  (3059,2989)  (3112,2954)  (3054,3042)  (3112,3008)  (3165,2951)  (3166,3004)  (3068,3094)  (3121,3062)  (3174,3057)  (3076,3148)  (3129,3117)  (3182,3110)  (3078,3200)  (3130,3170)  (3184,3162)  
Charles Town  (2824,82)  (2870,27)  (2817,28)  (2772,80)  (2740,146)  (2720,93)  (2763,26)  (2710,39)  (2668,126)  (2658,73)  (2656,20)  (2606,107)  (2605,55)  (2604,3)  (2553,92)  (2552,38)  (2499,61)  (2499,5)  (2445,24)  (2392,26)  (2338,16)  (2285,16)  (2792,135)  
Porto Rico  (4482,1659)  (4432,1659)  (4382,1659)  (4532,1660)  (4432,1609)  (4482,1609)  (4532,1610)  (4383,1610)  (4505,1710)  (4505,1758)  (4505,1806)  (4505,1854)  
Providence  (2580,2327)  
Quita Zuno  (1635,1784)  
Quito Land  (4729,3145)  (4761,3093)  (4676,3143)  (4781,3145)  (4774,3041)  (4624,3128)  (4774,2990)  (4826,2993)  (4826,3043)  (4814,3095)  (4834,3147)  (4623,3181)  (4570,3180)  (4517,3180)  (4465,3166)  (4675,3195)  
Ruatan  (1793,1923)  (1843,1923)  
SZ1  (140,2404)  (86,2394)  (140,2350)  (193,2352)  (192,2409)  (121,2458)  (65,2449)  (86,2335)  (198,2299)  (143,2294)  (90,2279)  (117,2227)  (171,2240)  (225,2245)  (179,2462)  
SZ10  (1258,2700)  (1250,2753)  (1241,2806)  (1237,2858)  (1294,2814)  (1304,2760)  (1187,2797)  (1195,2743)  (1200,2688)  (1314,2704)  (1184,2850)  (1292,2870)  (1237,2911)  (1184,2905)  (1197,2965)  
SZ11  (1543,2739)  (1536,2792)  (1531,2844)  (1527,2896)  (1589,2793)  (1585,2845)  (1477,2832)  (1483,2778)  (1490,2725)  (1596,2738)  (1474,2888)  (1585,2899)  (1525,2949)  (1471,2943)  (1471,2998)  
SZ12  (1838,2761)  (1834,2813)  (1786,2713)  (1897,2716)  (1892,2770)  (1784,2767)  (1782,2821)  (1886,2824)  (1834,2865)  (1887,2878)  (1780,2874)  (1834,2918)  (1888,2933)  (1780,2926)  (1779,2979)  
SZ13  (2134,2873)  (2126,2820)  (2081,2874)  (2187,2895)  (2131,2927)  (2077,2926)  (2185,2947)  (2133,2980)  (2077,2979)  (2187,3000)  (2072,2821)  (2082,2768)  (2029,2874)  (2023,2927)  (2079,3031)  
SZ14  (2568,3038)  (2622,3035)  (2515,3040)  (2541,3093)  (2596,3094)  (2629,2982)  (2461,3016)  (2488,3092)  (2649,3088)  (2557,3147)  (2436,3069)  (2502,3147)  (2611,3148)  (2435,3123)  (2664,3141)  
SZ15  (52,3182)  
SZ16  (120,3192)  
SZ17  (459,3194)  
SZ18  (2951,216)  (2897,181)  (2898,236)  (3006,177)  (3007,228)  (2955,270)  (2952,159)  (3006,123)  (2952,107)  (2899,128)  (2845,192)  (2844,245)  (2904,292)  (2851,298)  (3006,69)  (3020,15)  (3010,284)  
SZ19  (3217,155)  (3164,177)  (3164,124)  (3270,126)  (3269,179)  (3217,208)  (3271,232)  (3165,229)  (3215,262)  (3218,101)  (3111,157)  (3112,212)  (3321,158)  (3322,211)  (3272,74)  (3219,46)  (3165,69)  (3110,99)  (3113,44)  (3168,15)  (3272,20)  (3161,282)  (3107,266)  (3268,285)  
SZ2  (410,2335)  (356,2333)  (463,2335)  (408,2282)  (407,2390)  (462,2390)  (467,2275)  (354,2275)  (351,2386)  (299,2307)  (297,2360)  (368,2444)  (312,2442)  (409,2227)  (424,2446)  
SZ20  (3487,152)  (3435,177)  (3434,125)  (3540,124)  (3539,177)  (3486,204)  (3485,99)  (3539,70)  (3487,46)  (3431,72)  (3383,122)  (3383,171)  (3433,230)  (3433,21)  (3543,17)  (3542,231)  (3487,256)  (3434,284)  (3487,310)  (3542,283)  
SZ21  (3739,148)  (3711,202)  (3767,201)  (3794,146)  (3684,149)  (3706,96)  (3761,93)  (3815,90)  (3651,97)  (3635,44)  (3687,44)  (3740,41)  (3794,38)  (3658,202)  (3820,202)  (3791,255)  (3738,254)  (3682,255)  (3650,307)  
SZ22  (3989,148)  (3936,172)  (3936,116)  (3988,94)  (3990,202)  (4042,178)  (4042,125)  (3885,143)  (3882,91)  (3936,62)  (3989,41)  (4041,71)  (3883,38)  (3937,9)  (4042,17)  (4044,233)  (3991,256)  (3937,226)  (3938,298)  
SZ23  (4232,148)  (4211,198)  (4265,198)  (4286,143)  (4257,94)  (4205,93)  (4179,145)  (4152,92)  (4309,93)  (4158,199)  (4319,196)  (4278,41)  (4223,40)  (4170,41)  (4146,252)  (4202,254)  (4257,253)  (4309,251)  
SZ24  (2894,510)  (2840,532)  (2840,478)  (2946,478)  (2948,531)  (2895,564)  (2894,455)  (2840,425)  (2893,403)  (2947,424)  (2787,455)  (2787,510)  (2787,565)  (2840,587)  (2953,586)  (3006,551)  (3000,498)  (3002,442)  (3002,388)  (2789,401)  (2731,539)  (2729,595)  (2784,620)  (2897,622)  (2953,642)  (3007,603)  (3039,655)  
SZ25  (3227,540)  (3174,508)  (3174,560)  (3225,488)  (3224,593)  (3280,566)  (3279,510)  (3277,456)  (3224,434)  (3170,455)  (3118,493)  (3121,545)  (3170,613)  (3279,620)  (3225,647)  (3117,600)  (3116,437)  (3168,401)  (3222,382)  (3278,402)  (3172,666)  (3116,654)  (3225,700)  
SZ26  (3511,621)  (3458,643)  (3459,589)  (3565,589)  (3566,645)  (3512,674)  (3512,568)  (3404,618)  (3457,699)  (3568,534)  (3514,516)  (3460,537)  (3405,565)  (3406,673)  (3586,479)  (3532,462)  (3478,463)  (3424,483)  (3404,431)  (3458,406)  (3510,410)  (3565,409)  (3564,699)  (3510,730)  (3405,728)  (3459,754)  (3406,782)  (3461,809)  
SZ27  (3765,621)  (3794,673)  (3819,616)  (3790,568)  (3735,566)  (3709,619)  (3734,674)  (3772,727)  (3680,670)  (3680,564)  (3709,512)  (3766,512)  (3821,511)  (3845,565)  (3846,669)  (3831,725)  (3657,509)  (3688,457)  (3791,457)  (3742,456)  (3717,727)  (3665,725)  (3775,404)  (3718,403)  (3692,778)  (3748,780)  (3808,776)  (3717,834)  
SZ28  (4026,613)  (4080,640)  (3973,637)  (3974,582)  (4025,665)  (4081,583)  (4028,553)  (4083,529)  (3975,529)  (4028,502)  (3921,559)  (3919,614)  (3974,693)  (4081,696)  (4103,475)  (4049,448)  (3974,473)  (3919,504)  (3995,419)  (3921,447)  (3943,392)  (4048,394)  (4100,419)  (4027,721)  (4113,752)  (4057,775)  (4000,777)  (3946,746)  (3919,685)  (3947,799)  (4002,832)  
SZ29  (4281,590)  (4335,623)  (4337,567)  (4226,562)  (4227,615)  (4280,532)  (4282,645)  (4333,515)  (4226,508)  (4281,478)  (4333,463)  (4280,423)  (4227,453)  (4173,537)  (4173,485)  (4172,431)  (4230,398)  (4336,408)  (4285,368)  (4336,679)  (4224,669)  (4278,700)  (4332,732)  (4280,753)  (4225,723)  (4226,777)  (4282,807)  
SZ3  (728,2144)  (718,2198)  (705,2252)  (704,2306)  (771,2199)  (759,2253)  (663,2198)  (651,2253)  (652,2308)  (761,2310)  (671,2141)  (783,2141)  (760,2087)  (699,2085)  (690,2363)  
SZ30  (849,656)  (902,630)  (795,623)  (900,684)  (795,677)  (848,710)  (849,603)  (795,732)  (903,738)  (743,699)  (742,640)  (795,572)  (849,550)  (904,575)  (904,519)  (849,765)  (743,753)  (797,785)  (904,794)  (957,599)  (959,542)  (975,485)  (921,461)  (864,428)  (830,369)  (847,492)  (689,657)  (691,714)  (688,773)  (954,661)  
SZ31  (1148,638)  (1093,604)  (1095,658)  (1204,605)  (1203,659)  (1148,689)  (1147,583)  (1091,713)  (1206,715)  (1038,673)  (1037,616)  (1092,550)  (1147,530)  (1145,745)  (1090,767)  (1037,727)  (1036,783)  (1091,822)  (1147,802)  (1204,770)  (1204,825)  (1203,548)  (1258,579)  (1263,520)  (1210,488)  (1156,467)  (1093,497)  (1037,555)  (1048,444)  (1103,431)  (1156,409)  (1213,424)  (1278,450)  
SZ32  (1425,664)  (1477,620)  (1479,677)  (1370,620)  (1371,676)  (1422,603)  (1424,719)  (1365,733)  (1483,732)  (1367,566)  (1424,543)  (1477,564)  (1428,773)  (1369,787)  (1426,828)  (1372,843)  (1312,736)  (1314,792)  (1315,844)  (1482,788)  (1481,845)  (1478,507)  (1425,483)  (1365,516)  (1315,679)  
SZ33  (1690,617)  (1637,585)  (1636,641)  (1746,640)  (1744,584)  (1690,559)  (1690,674)  (1637,529)  (1582,625)  (1693,502)  (1747,525)  (1747,699)  (1688,729)  (1635,695)  (1663,785)  (1580,684)  (1610,749)  (1609,802)  (1582,854)  (1641,855)  (1697,838)  (1724,784)  (1755,837)  (1592,475)  (1651,446)  (1710,438)  (1764,463)  (1788,406)  (1731,380)  (1671,382)  (1610,401)  
SZ34  (1943,642)  (1952,590)  (1938,695)  (2005,625)  (1995,681)  (1892,602)  (1887,658)  (1881,711)  (1991,734)  (1938,753)  (2004,570)  (1892,546)  (1949,537)  (1884,767)  (1937,809)  (1830,770)  (1883,821)  (1828,823)  (1859,876)  (1919,871)  (1994,790)  (1990,845)  (1850,488)  (1905,479)  (1966,475)  (2022,508)  (2042,448)  (1985,415)  (1930,408)  (1864,425)  
SZ35  (2213,661)  (2241,608)  (2187,607)  (2266,660)  (2158,661)  (2186,714)  (2240,714)  (2132,606)  (2162,552)  (2219,554)  (2132,714)  (2217,767)  (2161,768)  (2108,768)  (2138,824)  (2271,767)  (2288,820)  (2234,821)  (2100,878)  (2160,876)  (2219,877)  (2117,494)  (2174,493)  (2232,492)  (2275,551)  (2304,602)  (2170,439)  (2227,436)  
SZ36  (2585,1004)  (2556,1057)  (2611,1060)  (2644,1001)  (2504,1048)  (2665,1056)  (2694,920)  (2695,974)  (2719,1029)  (2397,1044)  (2397,987)  (2401,932)  (2454,898)  (2509,868)  (2456,844)  (2400,875)  (2702,864)  (2703,809)  (2406,790)  (2703,752)  (2754,792)  (2758,853)  (2755,916)  (2753,970)  (2775,1025)  
SZ37  (3086,1028)  (3140,1037)  (3196,1041)  (3266,1078)  (3267,1131)  (3211,1160)  (3156,1161)  (3070,1120)  (3087,859)  (3032,859)  (2978,860)  (3014,1121)  (3099,1173)  (3253,912)  (3309,911)  (3104,805)  (3160,809)  (3215,800)  (3270,804)  (2924,862)  (2957,1101)  (2911,1042)  (2904,1097)  (2958,1157)  (2907,1152)  (3015,1175)  (2931,1210)  (2997,1231)  (3056,1232)  (3120,1229)  (3178,1215)  (3237,1214)  (3293,1208)  (3210,1274)  (3283,1271)  
SZ38  (955,939)  (903,904)  (902,957)  (1009,918)  (1010,971)  (955,992)  (848,982)  (849,926)  (1062,903)  (1067,960)  (847,873)  (795,899)  (795,952)  (1119,928)  (1120,982)  (1173,920)  (1178,977)  (740,873)  (739,925)  (741,979)  (1228,915)  (686,863)  (687,918)  (688,971)  
SZ39  (1518,983)  (1574,951)  (1572,1007)  (1463,951)  (1463,1005)  (1517,1036)  (1522,928)  (1408,924)  (1408,980)  (1354,1017)  (1355,962)  (1627,932)  (1629,989)  (1632,1043)  (1683,963)  (1686,1019)  (1735,939)  (1736,994)  
SZ4  (1007,2279)  (992,2332)  (983,2386)  (1047,2334)  (1039,2386)  (938,2329)  (952,2273)  (1062,2278)  (928,2381)  (980,2220)  (1033,2222)  (943,2436)  (1000,2440)  (1054,2441)  (961,2491)  
SZ40  (2062,998)  (2010,966)  (2008,1018)  (2114,971)  (2116,1026)  (2061,946)  (2063,1050)  (1959,949)  (1957,1001)  (1954,1054)  (1903,979)  (1901,1034)  (1851,944)  (1848,999)  (1847,1054)  (2167,949)  (2168,1003)  (2167,1055)  (2220,975)  (2220,1028)  (2274,950)  (2274,1007)  (2273,1059)  
SZ41  (3638,1009)  (3585,1035)  (3637,1061)  (3690,1047)  (3692,994)  (3638,955)  (3584,980)  (3691,942)  (3532,947)  (3532,1002)  (3530,1057)  (3744,1031)  (3747,975)  (3479,1027)  (3478,974)  (3425,1007)  (3427,1060)  (3425,952)  (3799,945)  (3801,998)  (3799,1052)  (3854,982)  (3854,1037)  
SZ42  (4172,987)  (4148,931)  (4201,934)  (4138,1035)  (4190,1039)  (4228,990)  (4117,983)  (4065,942)  (4064,997)  (4077,1051)  (4282,1031)  (4281,979)  (4261,927)  (4010,965)  (4011,1023)  (4319,926)  (3953,999)  (3957,946)  (3958,1052)  (4334,984)  (4375,933)  (4389,984)  
SZ43  (4707,951)  (4760,914)  (4761,967)  (4654,918)  (4654,972)  (4706,1003)  (4708,899)  (4602,1008)  (4601,954)  (4603,902)  (4550,939)  (4551,994)  (4499,1018)  (4496,962)  (4500,909)  (4814,888)  (4816,942)  (4815,996)  (4869,977)  (4867,919)  (4920,885)  (4923,940)  
SZ44  (5235,903)  (5182,874)  (5288,936)  (5287,879)  (5185,927)  (5129,951)  (5129,898)  (5076,873)  (5074,927)  (5021,960)  (5019,902)  (5340,836)  (5341,890)  (5393,833)  (5393,888)  (5447,913)  
SZ45  (5617,860)  (5623,805)  (5670,890)  (5678,834)  (5568,815)  (5513,819)  (5564,867)  (5511,872)  (5512,922)  
SZ46  (764,1224)  (787,1172)  (733,1171)  (733,1276)  (785,1279)  (711,1223)  (819,1224)  (679,1171)  (679,1277)  (753,1329)  (763,1117)  (707,1118)  (841,1170)  (697,1331)  (807,1334)  (818,1118)  (875,1114)  (840,1278)  (755,1383)  (807,1389)  (906,1060)  (845,1062)  (791,1061)  (738,1059)  (681,1039)  (656,1095)  (621,1157)  (636,1226)  (629,1285)  (599,1101)  (622,1035)  (877,1227)  (863,1332)  (865,1389)  
SZ47  (1089,1249)  (1115,1195)  (1061,1196)  (1055,1302)  (1111,1303)  (1033,1249)  (1144,1250)  (1002,1301)  (1022,1356)  (1076,1358)  (1005,1195)  (1035,1142)  (1090,1142)  (1169,1196)  (1132,1359)  (1147,1142)  (1165,1305)  (1115,1413)  (970,1401)  (947,1339)  (949,1279)  (955,1220)  (981,1140)  (1009,1082)  (1064,1081)  (1120,1085)  (1177,1086)  (1206,1137)  (1196,1247)  (1050,1409)  (1179,1412)  
SZ48  (1610,1227)  (1558,1254)  (1555,1200)  (1664,1195)  (1667,1250)  (1612,1283)  (1608,1173)  (1504,1261)  (1450,1259)  (1414,1204)  (1417,1147)  (1473,1143)  (1527,1143)  (1582,1118)  (1668,1305)  (1393,1258)  (1337,1275)  (1345,1213)  (1360,1156)  (1368,1100)  (1304,1117)  (1289,1179)  (1279,1241)  (1646,1117)  (1701,1137)  (1727,1304)  
SZ49  (1931,1247)  (1876,1217)  (1875,1273)  (1986,1221)  (1986,1275)  (1930,1302)  (1930,1193)  (1984,1165)  (1931,1139)  (1876,1162)  (1822,1194)  (1820,1248)  (1819,1301)  (1900,1356)  (1984,1327)  (1956,1379)  (1900,1409)  (1954,1433)  
SZ5  (1283,2476)  (1335,2493)  (1230,2454)  (1280,2422)  (1334,2438)  (1282,2531)  (1228,2510)  (1225,2401)  (1336,2547)  (1388,2477)  (1231,2564)  (1174,2440)  (1175,2493)  (1178,2550)  (1391,2530)  
SZ50  (2153,1180)  (2181,1232)  (2126,1232)  (2123,1127)  (2177,1129)  (2100,1180)  (2208,1182)  (2233,1128)  (2149,1286)  (2095,1288)  (2287,1136)  (2082,1341)  (2133,1341)  (2187,1343)  (2240,1345)  (2344,1135)  (2398,1126)  (2452,1123)  (2507,1125)  (2277,1398)  (2221,1399)  (2168,1397)  (2113,1396)  (2082,1447)  
SZ51  (3691,1321)  (3723,1268)  (3666,1266)  (3716,1380)  (3662,1373)  (3774,1381)  (3703,1212)  (3614,1247)  (3682,1432)  (3738,1435)  (3795,1433)  (3830,1378)  (3610,1405)  (3557,1402)  (3560,1250)  (3568,1197)  (3689,1158)  (3743,1161)  (3767,1215)  (3501,1256)  (3496,1312)  (3497,1369)  (3501,1421)  (3800,1158)  (3850,1431)  
SZ52  (4200,1259)  (4144,1296)  (4199,1312)  (4256,1335)  (4255,1281)  (4257,1224)  (4309,1256)  (4200,1207)  (4146,1241)  (4088,1272)  (4092,1218)  (4147,1183)  (4207,1152)  (4143,1353)  (4088,1330)  (4031,1303)  (4032,1249)  (4037,1191)  (4092,1161)  (4151,1124)  (4262,1172)  (4314,1201)  (4315,1311)  (4198,1369)  (4030,1356)  (4086,1386)  (4142,1411)  
SZ53  (4732,1229)  (4711,1170)  (4676,1224)  (4695,1281)  (4753,1285)  (4789,1227)  (4771,1173)  (4843,1262)  (4811,1318)  (4748,1343)  (4691,1337)  (4638,1311)  (4617,1257)  (4620,1193)  (4655,1139)  (4711,1113)  (4770,1115)  (4823,1149)  (4849,1205)  (4904,1249)  (4904,1193)  (4877,1142)  (4829,1093)  (4774,1062)  (4655,1083)  (4601,1137)  (4567,1193)  (4559,1253)  (4580,1313)  (4633,1365)  (4868,1318)  (4923,1308)  (4578,1368)  (4524,1366)  (4805,1375)  
SZ54  (5269,1167)  (5241,1222)  (5295,1221)  (5325,1165)  (5293,1112)  (5242,1111)  (5215,1164)  (5185,1218)  (5159,1165)  (5187,1109)  (5131,1110)  (5106,1163)  (5124,1219)  (5270,1275)  (5208,1276)  (5149,1277)  (5270,1056)  (5208,1057)  (5327,1057)  (5351,1112)  (5355,1219)  (5383,1166)  (5409,1110)  (5382,1054)  (5151,1054)  (5074,1106)  (5095,1048)  (5050,1161)  (5067,1221)  (5093,1279)  (5332,1275)  (5412,1224)  (5441,1167)  (5076,1333)  
SZ55  (5640,1116)  (5589,1148)  (5587,1093)  (5640,1059)  (5695,1088)  (5691,1142)  (5639,1170)  (5584,1204)  (5692,1196)  (5638,1222)  (5536,1051)  (5589,1040)  (5642,1003)  (5694,1034)  (5696,977)  (5589,986)  (5537,989)  (5689,1250)  (5571,1256)  
SZ56  (1043,1564)  (1097,1595)  (990,1590)  (990,1534)  (1098,1539)  (1044,1510)  (1045,1620)  (936,1599)  (937,1542)  (989,1481)  (934,1485)  (883,1571)  (881,1514)  (828,1543)  (1100,1649)  (827,1460)  (768,1563)  (773,1506)  (768,1448)  (714,1477)  (713,1534)  (1098,1485)  (1152,1512)  (1151,1568)  (1154,1627)  (1152,1686)  
SZ57  (1332,1543)  (1387,1524)  (1385,1578)  (1332,1597)  (1278,1526)  (1279,1583)  (1267,1469)  (1282,1409)  (1338,1408)  (1392,1406)  (1445,1396)  (1392,1351)  (1337,1350)  (1283,1353)  (1279,1638)  (1226,1684)  
SZ58  (1720,1842)  (1752,1787)  (1775,1843)  (1807,1788)  (1789,1730)  (1861,1776)  (1667,1862)  (1613,1879)  (1640,1934)  (1557,1882)  (1586,1936)  (1529,1937)  (1476,1916)  (1422,1888)  (1826,1676)  (1845,1843)  (1879,1718)  (1883,1663)  (1915,1774)  (1936,1721)  (1941,1665)  (1921,1606)  (1954,1551)  (1977,1604)  (1974,1776)  (1729,1726)  (1764,1675)  (1997,1661)  (1991,1717)  (1674,1988)  (1734,1985)  (1791,1982)  (1862,1981)  (1897,1913)  (1988,1827)  (1986,1882)  
SZ59  (2173,1834)  (2226,1801)  (2226,1856)  (2120,1871)  (2120,1815)  (2220,1909)  (2228,1963)  (2234,2018)  (2179,2044)  (2235,2075)  (2123,2047)  (2109,1992)  (2108,1935)  (2067,1879)  (2068,1817)  (2095,1762)  (2148,1762)  (2203,1745)  (2258,1747)  (2229,1690)  (2164,1691)  (2110,1707)  (2074,1653)  (2126,1632)  (2178,1639)  (2232,1636)  (2071,1595)  (2123,1578)  (2179,1587)  (2240,1580)  (2172,1532)  
SZ6  (152,2552)  (98,2538)  (146,2604)  (92,2593)  (44,2530)  (38,2582)  (139,2657)  (87,2647)  (32,2637)  (139,2710)  (84,2701)  (29,2691)  (129,2764)  (76,2755)  (57,2808)  
SZ60  (2441,1467)  (2495,1495)  (2495,1442)  (2442,1520)  (2443,1413)  (2499,1388)  (2552,1417)  (2552,1362)  (2500,1326)  (2495,1550)  (2385,1548)  (2440,1574)  (2551,1542)  (2548,1599)  (2492,1606)  (2438,1630)  (2382,1607)  (2382,1662)  (2382,1720)  (2494,1657)  (2545,1655)  
SZ61  (2720,1552)  (2696,1604)  (2750,1605)  (2772,1546)  (2664,1549)  (2641,1603)  (2671,1658)  (2726,1658)  (2804,1601)  (2784,1656)  (2748,1420)  (2695,1404)  (2616,1655)  (2636,1711)  (2698,1714)  (2764,1714)  
SZ62  (2542,1934)  (2565,1881)  (2511,1881)  (2512,1985)  (2566,1987)  (2597,1934)  (2489,1935)  (2458,1988)  (2458,1881)  (2539,1829)  (2484,1828)  (2430,1828)  (2377,1865)  (2377,1811)  (2334,1917)  (2337,1970)  (2391,1989)  (2430,2042)  (2487,2041)  (2544,2040)  (2601,2040)  (2622,1986)  (2593,1829)  (2646,1809)  (2699,1809)  (2676,1988)  (2757,1811)  (2731,2005)  
SZ63  (2578,2218)  (2557,2163)  (2611,2163)  (2548,2271)  (2604,2271)  (2634,2216)  (2523,2218)  (2501,2163)  (2537,2110)  (2595,2110)  (2666,2163)  (2690,2220)  (2660,2274)  (2495,2271)  (2470,2217)  (2449,2162)  (2478,2111)  (2417,2217)  (2440,2272)  (2386,2270)  (2412,2324)  (2466,2325)  (2713,2273)  (2743,2218)  (2647,2326)  (2700,2327)  (2797,2219)  (2766,2271)  (2755,2325)  (2357,2326)  (2654,2110)  (2809,2323)  
SZ64  (2447,2496)  (2477,2441)  (2425,2439)  (2393,2493)  (2419,2549)  (2475,2550)  (2502,2496)  (2372,2436)  (2340,2522)  (2306,2467)  (2318,2411)  (2528,2550)  (2457,2604)  (2512,2607)  
SZ65  (2709,2520)  (2686,2466)  (2739,2467)  (2763,2520)  (2656,2520)  (2683,2574)  (2737,2573)  (2791,2573)  (2707,2628)  (2653,2627)  (2628,2573)  (2632,2465)  (2663,2412)  (2718,2413)  (2603,2519)  (2772,2414)  (2793,2468)  (2817,2521)  (2762,2629)  (2600,2627)  (2816,2628)  
SZ67  (2981,2558)  (2955,2505)  (3009,2504)  (3034,2557)  (2929,2557)  (2956,2608)  (3011,2611)  (3066,2613)  (3040,2668)  (2981,2663)  (2925,2662)  (2902,2608)  (2901,2506)  (3060,2502)  (3035,2449)  (2978,2452)  (2925,2452)  (2951,2399)  (3005,2396)  (2946,2717)  (3007,2720)  
SZ68  (3236,2450)  (3248,2502)  (3194,2504)  (3209,2398)  (3261,2395)  (3183,2450)  (3291,2448)  (3156,2397)  (3131,2451)  (3144,2503)  (3207,2557)  (3154,2558)  (3139,2614)  (3315,2393)  (3347,2447)  (3371,2393)  
SZ69  (3100,2214)  (3079,2267)  (3136,2267)  (3073,2162)  (3127,2161)  (3046,2213)  (3155,2212)  (3024,2267)  (3049,2321)  (3102,2321)  (3156,2319)  (3190,2265)  (3208,2210)  (3182,2156)  (3017,2162)  (2991,2215)  (2970,2267)  (2989,2319)  (2939,2187)  (2916,2240)  (2917,2295)  (3243,2267)  (3262,2211)  (3243,2157)  (3215,2321)  (3271,2323)  (3298,2268)  (3317,2210)  (3303,2153)  (3331,2322)  (3356,2267)  
SZ7  (388,2586)  (365,2639)  (347,2692)  (329,2746)  (418,2640)  (401,2695)  (384,2748)  (334,2584)  (311,2636)  (294,2690)  (274,2745)  (353,2801)  (300,2799)  (247,2800)  (267,2853)  
SZ70  (3119,1925)  (3094,1873)  (3149,1870)  (3173,1923)  (3066,1927)  (3096,1981)  (3151,1978)  (3206,1979)  (3230,1925)  (3205,1866)  (3036,1872)  (3014,1926)  (3071,1819)  (3130,1812)  (3186,1811)  (3040,1981)  (3073,2034)  (3131,2037)  (3191,2035)  (3249,2033)  (3266,1980)  (3019,2034)  (2987,1978)  (2958,1923)  (2979,1871)  (3011,1815)  (2933,1979)  (2966,2034)  (3243,1811)  (3261,1869)  (3290,1923)  (3322,1979)  (3309,2041)  
SZ71  (3115,1589)  (3169,1622)  (3063,1622)  (3061,1562)  (3169,1562)  (3223,1537)  (3227,1592)  (3005,1570)  (3005,1625)  (3278,1541)  (3284,1598)  (2950,1576)  (2948,1632)  (2892,1606)  (2885,1547)  (2885,1492)  (2937,1452)  (2894,1659)  (2885,1714)  (2942,1715)  (3335,1546)  (3339,1607)  (3347,1665)  (3349,1720)  
SZ72  (3542,1860)  (3488,1826)  (3542,1805)  (3594,1849)  (3594,1906)  (3538,1914)  (3487,1883)  (3433,1855)  (3436,1803)  (3493,1772)  (3596,1796)  (3647,1869)  (3649,1923)  (3570,1967)  (3514,1969)  (3461,1936)  (3627,1977)  (3458,1992)  (3512,2029)  
SZ73  (3822,1866)  (3796,1918)  (3874,1895)  (3875,1836)  (3795,1814)  (3768,1867)  (3849,1948)  (3743,1925)  (3715,1870)  (3734,1815)  (3763,1761)  (3818,1753)  (3872,1782)  (3873,1726)  (3926,1813)  (3929,1871)  (3928,1925)  (3904,1980)  (3797,1974)  (3742,1983)  (3730,2038)  
SZ74  (3553,2259)  (3595,2314)  (3622,2260)  (3589,2207)  (3539,2337)  (3497,2282)  (3495,2225)  (3528,2170)  (3581,2152)  (3645,2201)  (3636,2149)  (3526,2115)  (3472,2129)  (3443,2185)  (3441,2243)  (3444,2298)  (3482,2350)  (3654,2312)  (3663,2366)  (3606,2368)  (3550,2389)  (3447,2404)  (3500,2439)  
SZ75  (3836,2208)  (3812,2260)  (3865,2263)  (3889,2205)  (3904,2153)  (3849,2153)  (3792,2156)  (3777,2207)  (3758,2262)  (3722,2189)  (3739,2137)  (3798,2098)  (3858,2098)  (3919,2099)  (3941,2208)  (3924,2261)  (3734,2317)  (3730,2374)  
SZ76  (4138,2232)  (4085,2265)  (4084,2210)  (4138,2180)  (4085,2157)  (4033,2236)  (4032,2183)  (4032,2127)  (4087,2101)  (4138,2122)  (4253,2393)  (4149,2396)  (4096,2396)  (4121,2450)  (4178,2447)  (4067,2582)  (4202,2395)  (4233,2449)  
SZ77  (4419,2286)  (4445,2232)  (4475,2285)  (4456,2337)  (4402,2338)  (4348,2353)  (4348,2297)  (4369,2242)  (4390,2188)  (4444,2174)  (4500,2229)  (4499,2172)  (4316,2240)  (4338,2185)  (4308,2131)  (4369,2131)  (4421,2123)  (4474,2120)  (4445,2067)  (4391,2071)  (4337,2077)  (4509,2338)  (4491,2390)  (4434,2390)  (4379,2407)  (4326,2410)  (4351,2462)  (4403,2458)  (4456,2443)  (4510,2442)  (4391,2512)  (4455,2496)  (4508,2494)  
SZ78  (4261,1925)  (4211,1956)  (4282,1978)  (4313,1905)  (4240,1872)  (4186,1901)  (4158,1953)  (4229,2009)  (4172,2008)  (4338,1962)  (4294,1852)  (4348,1849)  (4365,1902)  (4186,1846)  (4133,1852)  (4106,1905)  (4105,1958)  (4078,1851)  (4054,1908)  (4023,1856)  (4000,1911)  (4052,1960)  (4404,1847)  (4459,1835)  (4456,1888)  (4391,1955)  (3996,1965)  (4101,2014)  (4043,2017)  (4451,1948)  
SZ79  (4275,1636)  (4221,1660)  (4300,1689)  (4247,1713)  (4254,1583)  (4309,1561)  (4356,1715)  (4192,1720)  (4201,1530)  (4256,1526)  (4310,1509)  (4366,1558)  (4369,1502)  (4137,1732)  (4412,1717)  (4420,1558)  (4426,1502)  (4087,1695)  (4034,1696)  (3982,1712)  (3987,1765)  
SZ8  (674,2643)  (659,2695)  (644,2748)  (713,2695)  (621,2642)  (606,2693)  (590,2746)  (698,2749)  (700,2803)  (646,2801)  (592,2799)  (562,2852)  (616,2854)  (674,2856)  (589,2909)  
SZ80  (4895,1501)  (4924,1449)  (4949,1501)  (4978,1448)  (4842,1511)  (4861,1452)  (4803,1458)  (4786,1515)  (4732,1514)  (4749,1460)  (4678,1529)  (4686,1468)  (4620,1530)  (4632,1475)  (4556,1554)  (4566,1490)  (4992,1555)  (4935,1556)  (4940,1607)  (4995,1611)  (5020,1767)  (5010,1663)  (5012,1714)  
SZ81  (4850,1771)  (4902,1772)  (4876,1823)  (4848,1876)  (4902,1878)  (4877,1933)  (4932,1939)  (4822,1960)  (4766,1964)  (4713,1970)  (4661,1972)  (4740,1909)  (4685,1918)  (4670,1863)  (4671,1808)  (4669,1751)  (4670,1698)  (4558,1719)  (4558,1774)  (4557,1830)  (4556,1887)  (4553,1940)  (4549,1994)  
SZ82  (4835,2115)  (4804,2061)  (4857,2063)  (4890,2118)  (4884,2171)  (4809,2172)  (4782,2118)  (4912,2063)  (4945,2122)  (4939,2175)  (4749,2042)  (4729,2095)  (4728,2150)  (4748,2202)  (4694,2044)  (4673,2103)  (4678,2158)  (4638,2049)  (4587,2061)  (4613,2113)  (4561,2113)  (4597,2167)  (4583,2220)  
SZ83  (4915,2432)  (4972,2399)  (4974,2457)  (4914,2485)  (4861,2466)  (4862,2410)  (4894,2355)  (4896,2298)  (4836,2353)  (4778,2367)  (4840,2299)  (4782,2311)  (4730,2279)  (4725,2334)  (4672,2306)  (4666,2365)  (4665,2420)  (4665,2477)  (4606,2499)  (4946,2262)  (5067,2249)  (5069,2306)  (5071,2363)  (5030,2420)  (5086,2420)  (4977,2577)  (4979,2633)  (5033,2623)  (5089,2623)  
SZ84  (5345,2627)  (5314,2576)  (5367,2574)  (5400,2627)  (5292,2627)  (5326,2681)  (5378,2680)  (5421,2573)  (5261,2569)  (5239,2622)  (5242,2674)  (5188,2645)  (5189,2586)  (5429,2678)  (5381,2729)  (5434,2730)  (5394,2783)  (5447,2786)  (5421,2841)  
SZ85  (5596,2605)  (5544,2628)  (5599,2657)  (5545,2679)  (5494,2659)  (5484,2597)  (5538,2569)  (5482,2541)  (5592,2550)  (5646,2516)  (5651,2573)  (5660,2630)  (5686,2683)  (5628,2711)  (5576,2733)  (5512,2733)  (5512,2788)  (5573,2788)  (5631,2766)  (5686,2739)  (5685,2796)  (5628,2819)  (5522,2867)  
SZ86  (5415,2374)  (5394,2428)  (5450,2430)  (5363,2370)  (5339,2424)  (5282,2423)  (5308,2365)  (5340,2308)  (5396,2311)  (5452,2318)  (5472,2372)  (5506,2426)  (5527,2368)  (5510,2317)  (5485,2262)  (5428,2257)  (5288,2275)  (5255,2329)  (5229,2384)  (5226,2443)  (5200,2332)  (5222,2278)  (5146,2289)  (5148,2342)  (5540,2243)  (5597,2234)  (5561,2297)  (5616,2291)  (5581,2352)  (5639,2347)  (5580,2410)  (5638,2408)  (5240,2498)  
SZ87  (5373,2083)  (5318,2109)  (5319,2057)  (5373,2031)  (5425,2064)  (5372,2135)  (5427,2117)  (5426,2170)  (5373,2188)  (5316,2162)  (5265,2089)  (5265,2030)  (5321,2003)  (5374,1980)  (5426,2010)  (5481,1959)  (5477,2014)  (5531,1991)  (5534,2046)  (5480,2082)  (5537,2100)  (5481,2139)  (5541,2157)  (5212,1992)  (5213,2046)  (5209,2101)  (5159,2016)  (5157,2071)  (5152,2128)  (5584,1953)  (5587,2011)  (5591,2069)  (5596,2128)  (5262,2150)  (5259,2207)  
SZ88  (5343,1796)  (5397,1825)  (5341,1851)  (5284,1837)  (5290,1785)  (5347,1741)  (5403,1769)  (5458,1806)  (5452,1862)  (5396,1880)  (5292,1731)  (5239,1755)  (5230,1808)  (5230,1862)  (5284,1890)  (5399,1715)  (5459,1754)  (5455,1695)  (5513,1725)  (5514,1779)  (5512,1834)  (5184,1753)  (5176,1812)  (5127,1768)  (5128,1711)  (5218,1703)  (5343,1685)  (5510,1668)  (5564,1697)  (5567,1755)  (5570,1810)  (5097,1825)  (5178,1867)  (5120,1879)  (5116,1934)  
SZ89  (5315,1518)  (5337,1466)  (5283,1467)  (5260,1516)  (5288,1570)  (5344,1571)  (5371,1518)  (5392,1462)  (5363,1411)  (5306,1412)  (5255,1413)  (5230,1463)  (5178,1424)  (5177,1476)  (5208,1527)  (5234,1579)  (5397,1569)  (5424,1518)  (5444,1464)  (5420,1409)  (5471,1382)  (5524,1387)  (5498,1441)  (5494,1494)  (5475,1546)  (5533,1550)  (5124,1439)  (5125,1494)  (5150,1547)  (5182,1599)  (5094,1546)  (5070,1491)  (5070,1440)  (5126,1600)  (5073,1598)  (5081,1650)  
SZ9  (964,2685)  (958,2738)  (950,2791)  (946,2845)  (940,2899)  (1014,2736)  (905,2718)  (897,2770)  (1004,2789)  (892,2825)  (1003,2847)  (888,2878)  (998,2902)  (887,2933)  (940,2956)  
SZ90  (5657,1456)  (5633,1510)  (5685,1509)  (5603,1455)  (5591,1401)  (5645,1401)  (5699,1402)  (5698,1345)  (5643,1348)  (5590,1348)  (5614,1564)  
SZ91  (5623,1644)  
SZ92  (5664,1936)  
SZ93  (5699,2221)  
SZ94  (1946,2495)  (1895,2472)  (1844,2475)  (1792,2469)  (1675,2443)  (1998,2489)  
Saint Bartolameo  (4800,1638)  
Saint Lucia  (5008,2107)  
Saint Martin  (4746,1639)  (4728,1688)  (4728,1736)  (4728,1784)  (4729,1832)  
Saint Marys  (2738,271)  (2707,202)  (2685,267)  (2633,295)  (2633,243)  (2654,191)  (2601,180)  (2581,233)  (2580,287)  (2527,306)  (2528,254)  (2549,159)  (2500,202)  (2759,219)  
Saint Statia  (4793,1709)  (4793,1758)  (4793,1806)  (4793,1854)  (4793,1902)  
Saint Vincent  (5004,2176)  
San Andero  (2553,2417)  
San Millan  (2283,1834)  
New Granada North West  (3520,2499)  (3572,2512)  (3468,2512)  (3625,2514)  (3415,2522)  (3678,2507)  (3380,2574)  (3432,2575)  (3485,2564)  (3539,2564)  (3591,2566)  (3644,2566)  (3697,2559)  
Serrana North  (2778,2108)  
Serrana South  (2779,2162)  
Serranilha East  (2723,1874)  
Serranilha South  (2708,1927)  
Serranilha West  (2669,1873)  
Soconusco  (929,1964)  (875,2006)  (876,1952)  (929,2017)  (981,1979)  (933,1911)  (985,1926)  (985,1872)  (1038,1921)  (1034,1973)  (1086,1934)  
Spanish Hispaniola  (3944,1635)  (3892,1652)  (3997,1633)  (3942,1581)  (3995,1580)  (3890,1598)  (3838,1627)  (3786,1668)  (4051,1630)  (4049,1576)  (4104,1631)  (4102,1579)  (3734,1698)  (3682,1700)  (4156,1600)  (3629,1710)  (3503,1704)  (4156,1652)  
Suriname  (5633,2939)  (5577,2943)  (5524,2962)  (5629,2995)  (5576,2999)  (5523,3016)  (5687,2942)  (5684,2997)  (5522,3069)  (5576,3053)  (5629,3050)  (5681,3049)  (5682,3102)  (5628,3105)  (5575,3106)  (5541,3161)  
Swedish West Indies  (4961,1873)  (4962,1820)  (5016,1820)  (5016,1873)  
Tabago  (5164,2406)  
Tabasco  (929,1671)  (877,1676)  (945,1723)  (892,1728)  (823,1714)  (838,1768)  (892,1782)  (945,1778)  (998,1745)  (998,1797)  (1051,1744)  (1051,1796)  (1104,1750)  (1157,1751)  (1106,1802)  (1066,1855)  
Bayogoula  (1181,309)  (1129,336)  (1233,333)  (1076,361)  (1128,283)  (1181,257)  (1233,280)  (1234,228)  (1285,248)  (1127,231)  (1075,308)  (1075,255)  (1023,228)  (1023,281)  (1286,302)  
Tlascala  (650,1580)  (618,1528)  (702,1623)  (612,1474)  (755,1634)  (597,1580)  (649,1633)  (700,1676)  (596,1634)  (565,1526)  (558,1473)  (505,1452)  (506,1505)  (545,1579)  (544,1632)  (493,1561)  (440,1569)  (447,1507)  (754,1689)  
Tortuga  (3593,1457)  
Treasure Island  (2377,1338)  (2430,1338)  (2377,1388)  (2377,1435)  (2377,1483)  
Trinidad  (5112,2495)  (5059,2495)  (5058,2548)  (5111,2548)  
Honduras East  (1923,2092)  (1923,2039)  (1924,2144)  (1871,2057)  (1870,2110)  (1872,2164)  (1949,1987)  (2001,1986)  (1977,2039)  (1977,2091)  (1976,2143)  (1865,2216)  (1924,2196)  (1976,2195)  (1866,2269)  (1918,2249)  (1971,2248)  
Tryangles  (1328,1467)  (1379,1468)  
Turks Islands  (3925,1343)  (3924,1294)  
Unit Info  (4481,823)  
Utila  (1702,1931)  (1701,1979)  
Venezuela East  (4373,3028)  (4374,2976)  (4321,3028)  (4321,2978)  (4426,2997)  (4425,3049)  (4478,3014)  (4477,3067)  (4425,3101)  (4527,3117)  (4373,3080)  (4268,2982)  (4269,3033)  (4267,3085)  (4320,3080)  (4267,3138)  (4320,3133)  (4268,3190)  (4321,3186)  
Venezuela West  (4105,2980)  (4158,2979)  (4147,2927)  (4095,2928)  (4053,2979)  (4209,2979)  (4207,3031)  (4155,3032)  (4103,3032)  (4051,3032)  (4043,2927)  (4057,2874)  (4110,2875)  (4060,2822)  (4103,2772)  (4059,3086)  (4111,3084)  (4165,3084)  (4077,3137)  (4130,3136)  (4184,3136)  (4091,3189)  (4145,3190)  (4200,3190)  
Veragua  (2443,2692)  (2395,2644)  (2496,2707)  (2549,2715)  (2389,2696)  (2336,2678)  (2559,2768)  (2503,2760)  (2444,2746)  (2390,2749)  (2337,2730)  (2315,2782)  (2387,2803)  (2441,2798)  (2495,2813)  (2548,2821)  (2612,2786)  (2602,2839)  (2437,2851)  (2490,2866)  (2542,2874)  (2506,2927)  (2557,2971)  
Viciosas Islands  (2359,2065)  
Watlings Island  (3359,1006)  
Yucatan Mid  (1616,1569)  (1617,1621)  (1616,1516)  (1564,1570)  (1669,1571)  (1565,1622)  (1671,1515)  (1563,1517)  (1510,1533)  (1724,1519)  (1723,1573)  (1776,1523)  (1669,1624)  
Yucatan South  (1472,1708)  (1423,1760)  (1504,1656)  (1465,1603)  (1450,1654)  (1418,1706)  (1365,1742)  (1476,1762)  (1526,1712)  (1578,1690)  (1630,1688)  
Zaratan  (1564,1821)  
